m INDEX 111 Nom.

91111111, 34. exordia VI, 33. extorris VIII, 109. exuviae
VIII, 91. 110010, 1. 0. 01001010, 0. 0111. 01 100. 111, 77.
110010 00101101 111, 86 911, 93. fallax IV, 91. familia

11, 1. 1011110111 Ι9ΠΙ, 89. fendo 911, 7. 10110111, 100011, ς

49. 1001, 49 fero I, 49. 10110 10111, 99. serre pro 00-
10110 9, 34. VIII, 166. IX, 51. 111011,.,411. figere 001101

11,99.11110110 111,38.110111,09.1101, 491101, 1. 0. 1

0011100111 9, 38. 110101 II, 58. 11001011 1, 51. 9, 84.
foedus 1, 49. foetu I, 49. 100101 II, 59. 9, 40. 911, 40.
X, 49. 1011111, 49. 101010 111, 4. {agilis VIII, 89. 11011-
10 VIII, 89. 11001 19, 31. 1111111101 111, 93. 111101 V, 70.
1100110101, 00. 11, 70. ΙΧ, 61. 1001101019, 90111, 41.

1110 0110011109, 71. 1001,49. 1011 pro 1011111111, 14. ¹

101 111, 16, 10010101, 58. 000119, 9. geo, geno, gero,
genero 1, 49. genum V, 31. gigno 1, 49. gnatus V, 99.
γραφειν, 1111010019, 14. gruminis 1101110 V, 96. gravis 1,
49. Graeca positio III, 19. γρυπες VIII, 97. 1101109.
31. 1101101019,11. 1101101010 111, 38. helix III, 39. 11100-
11100 1, 03. 111100 pro 11100, 000 1111 1110 111 III, 109. 11000·

01111 1110 110011111911, 99. 1101111011, 5. ignarus 11. igno- ¹

101 91, 40. 101011001001 01 perfectum quomodo 0011111110
11, 9. X, 10. 10, 1100111, 6010011101011, 14. 1000011101
11 , 4. 1000015001 011100 VIII, 16. indignus VIII, 18. X,
10. 1001000101110110011 1110 0001000100 1110110001110110011
11 , 14. 1000001011, 90. 100111, 9110110001019, 33.
1011019, 11. 1010101111, 33. 1011110101, 73. IX, 00.
’ 1010100 X, 00. 10100101 V, 63. ιον 11, 47. 1111019, 91.
11101, 98. 1110010010οι 9111, 6. 1101010 11, 66. iteratio
' 11, 39. 11011 110100010110 auget VIII, 5891111101 Χ. 11.
’ 1000011, 48. juna VIII, 11. ιυγξ VIII, 68. 10110101 X,
59. 1100111, 111111 genere II, 9. 101011101ος X, 00. 10010
1, 16. lanx 101011 11, 53. 1111111, 47. 1111111001 I, 7. Iau-
10111. 100101 91, 83. VIII, 13. 89. lavare I, 98. 100,
100000 11,63. legere 01010 VIII, 38. 010111 9111, 7 101-
μων 911, 08. 11111101 Π, 411. 48. libare V, 90. VII, 58.
liber V, 13111101 911, 58. libum VII, 33. 1101010· 9111,
08. 74. ,110101 1, 53. 1101010 ,110101 1,1 48. λιψ 911, 08.

 

